5.180966
4.221886
10.458698
2.707054
6.540695
5.006729
4.624996
0.991745
2.010536
7.874073
1.732872
5.326706
3.359924
8.137756
18.011276
7.283859
10.011261
5.348892
24.426514
0.042160
0.672302
4.277481
2.613297
7.296738
0.231415
3.575317
4.308258
0.210632
3.303574
11.008194
2.154480
3.944305
5.525116
15.238281
0.544800
2.172058
3.176941
8.536102
17.690979
12.587036
9.176117
2.548950
1.047668
1.343567
12.559021
3.839447
9.439575
9.529419
17.647644
5.212524
6.933136
9.923767
0.220062
2.822937
0.402832
2.105469
2.976929
3.785156
1.506775
0.992554
3.079529
2.102478
7.207458
4.192017
2.850464
3.096924
9.773071
3.625916
0.190796
3.361023
2.862732
16.273499
20.008606
0.591492
6.351746
3.735413
2.941772
2.473694
3.272522
1.001831
1.792786
1.181519
2.312195
2.411377
20.417847
1.223206
5.658997
4.676880
16.554260
14.340332
3.055603
28.649414
3.860413
12.209167
0.836975
21.561096
3.161438
3.437866
14.551086
6.947266
1.147949
14.812378
7.056702
4.681824
15.147339
3.159851
8.671509
4.693848
2.610107
1.657654
0.232300
6.647034
1.446228
8.138611
0.047913
2.771118
7.174255
10.838684
0.525940
1.596130
4.473694
3.510254
3.889526
4.207886
4.400635
1.018066
6.501465
7.443481
2.381226
2.657349
1.316406
6.466187
3.711304
15.581787
6.253906
0.950195
20.585938
7.775024
1.045410
1.807739
13.059082
8.601196
19.661499
11.236328
4.911133
3.979126
2.739380
4.039429
4.488403
0.982056
11.511719
0.995239
13.991211
3.512695
2.025757
8.012817
8.504761
30.298706
0.769653
3.965088
1.380981
4.166626
13.141479
5.132324
1.052124
2.839722
0.353882
1.098877
6.771851
2.796753
2.566040
2.082397
0.630249
7.158325
3.088501
8.486450
3.916748
2.040039
1.291748
1.374512
7.266846
1.603027
4.751343
5.281738
1.934448
0.069214
0.366577
1.876465
5.299927
28.857544
3.391602
10.236694
9.180786
8.241333
6.716919
2.454346
3.923828
3.626099
10.488647
18.415039
2.859985
6.830322
11.372559
0.267456
20.886719
0.855835
4.802124
5.816895
31.442505
20.605225
0.201660
4.101196
0.016113
1.451294
5.523438
13.124390
0.676880
1.222900
10.748047
1.960938
5.990601
14.654053
2.504517
7.800903
3.026123
8.763306
0.621338
4.090942
4.871826
3.873535
9.306396
1.026367
5.422974
9.645264
8.964355
3.561401
3.048584
3.674072
1.985107
11.914795
1.907837
4.721069
2.328735
3.821411
26.520996
8.155518
0.420410
8.259888
6.988281
1.397339
2.720947
2.995605
0.826416
9.011230
22.464111
11.448730
5.853027
0.248535
0.530273
2.174316
5.996826
0.295166
0.012451
5.515869
0.920166
3.877441
4.498047
0.425049
16.147217
6.183594
6.575195
0.275146
22.807617
9.904541
5.740967
22.034912
3.708740
0.019531
30.881592
11.888672
14.092041
0.137939
13.956055
7.395996
3.631592
8.572510
7.596924
2.726562
0.598389
5.920410
11.221191
0.105469
13.089600
2.979492
6.120850
21.486084
2.839600
1.109863
3.768799
0.097168
7.787842
5.971680
1.887695
26.733643
5.388428
5.631592
16.523682
2.634033
1.320068
6.206787
4.525635
5.968750
2.779297
5.472168
2.618652
3.901367
8.530518
2.911133
0.049805
12.829590
6.072754
3.149170
4.816650
5.549805
2.893799
7.933838
5.898193
0.315918
0.098389
0.512451
2.634521
11.162354
18.867920
6.850586
3.356201
12.671143
9.831299
0.072266
10.497070
0.716064
6.838135
6.059082
5.649902
0.852539
0.284668
3.915283
8.796143
2.504395
8.697021
10.999756
2.882568
7.208496
0.344482
0.870361
4.717773
0.821045
27.711670
13.917480
5.078613
8.437988
10.968750
1.700195
7.465576
5.877197
11.847656
11.118896
11.916504
5.867188
3.012695
7.920654
0.676270
12.217773
6.271240
23.064209
0.015869
15.690918
11.494385
1.887939
5.864990
6.341064
10.304199
8.482666
7.478760
5.981445
4.850586
5.303223
11.208252
9.412842
4.299072
3.634521
3.498291
0.327148
1.005127
3.316650
2.629639
15.040039
4.301270
6.027344
4.334473
0.386475
3.037598
3.045410
3.131836
0.583252
10.564209
0.340088
5.482178
1.963379
3.950684
0.898682
0.352051
3.395752
2.383789
3.884277
0.343018
1.997803
22.359863
1.231934
35.958252
2.122314
6.100098
12.029053
1.773438
0.912354
13.064941
3.344727
21.159424
3.527344
4.382568
2.312012
6.947998
8.835205
8.078613
6.918457
21.069336
1.633545
0.122070
3.577881
8.270264
2.405273
0.951172
4.263672
3.809082
16.860596
2.491699
5.561279
1.740234
4.947021
3.750732
1.496826
2.918701
0.694092
0.680908
6.427979
16.104492
3.441162
1.787109
1.767822
11.764893
6.125488
5.239746
1.616699
0.714111
0.393066
11.402588
2.930908
2.244385
13.158203
10.281494
0.877686
3.618652
0.760010
29.301025
3.153809
2.793945
2.709717
3.119629
13.153076
0.805664
10.646973
1.071045
15.019287
0.868164
3.255371
6.929199
7.942383
0.019775
0.744141
0.304199
14.482422
0.258301
5.406738
2.630859
0.936035
9.794434
6.525879
1.979004
5.795898
1.012207
4.659668
4.667480
9.245117
12.337402
3.541504
13.687500
20.485840
18.921387
0.358398
3.193359
3.030762
11.166992
0.257324
0.530273
3.170410
11.791016
6.813477
3.397949
6.977539
7.168945
5.695312
2.053711
1.552734
1.337402
23.687500
13.057617
0.603516
0.847168
0.956055
3.783203
23.326172
0.415039
1.903320
11.036133
0.331055
2.477051
3.464355
6.506348
0.518066
8.427246
1.664551
4.788086
11.144531
3.311035
9.892578
7.930664
8.671875
0.752930
9.831055
2.669434
0.219727
10.736328
4.183105
2.013672
2.338379
5.911621
8.651855
3.267578
14.171875
4.811523
22.585449
6.482910
0.959473
7.498535
0.307617
2.969238
2.911133
7.964355
2.220215
12.974121
7.142578
4.791992
3.666992
0.355469
3.750000
3.832520
8.556152
12.379395
2.844727
2.493164
13.104492
5.411621
2.387207
4.344238
0.659668
1.437500
2.774414
13.926270
2.808105
1.394531
15.590820
4.905273
0.601074
8.974121
4.240234
5.061035
0.037109
3.137207
27.233887
5.897949
4.125488
21.940918
15.580566
6.433594
9.196777
2.683594
2.600586
1.447754
4.037598
2.291016
3.307617
6.634277
9.395996
6.760254
7.082520
3.881836
2.549805
8.144531
12.634766
3.912109
0.986328
6.158691
3.887207
2.714844
2.727051
18.440430
8.940430
4.018066
3.083008
1.785156
1.956543
13.001953
1.567383
10.732422
0.478516
4.211426
11.032715
3.979492
7.071289
9.682129
10.014648
0.901855
4.380859
10.226074
6.483398
4.750488
7.090820
10.040039
0.335449
6.602539
1.110352
1.638184
20.946777
0.277344
3.240234
14.294922
0.512207
4.144043
21.104980
4.232910
3.090332
5.854980
0.311035
6.106934
5.072266
5.624512
3.085938
0.570801
1.431641
0.600098
1.705566
6.621582
14.179688
38.696777
0.084473
1.315430
3.624512
4.395508
9.283691
0.159180
9.202637
2.776855
8.044434
3.104004
5.977051
2.930176
2.629395
0.050293
7.144531
6.842285
0.930176
20.343750
10.108887
2.124512
6.802246
4.800781
3.694824
0.798340
0.325684
3.994629
1.053223
10.894531
9.783691
2.992676
24.789062
4.618652
3.145020
0.841309
0.625488
6.190430
8.862793
14.766602
7.424805
2.906250
0.333008
25.112305
34.957031
25.267090
20.460938
8.673340
4.803711
11.133301
0.354980
0.052734
0.310547
0.857422
9.659180
7.307129
10.069824
0.326660
2.735352
6.477539
8.497070
3.839844
13.711914
2.890137
1.508789
5.734863
0.270020
7.531738
2.146484
8.579590
7.089844
17.145508
6.398438
2.582031
2.209961
3.376465
3.849121
2.104492
2.697266
1.880371
5.405762
2.210938
1.194336
0.266113
1.532715
10.005371
0.689453
6.781250
1.084473
0.668457
0.258789
5.961914
4.222656
1.414062
0.000000
6.840820
1.230469
4.047363
4.104004
0.061523
5.928711
0.073242
4.656250
16.544922
8.794922
5.898926
1.079590
2.860352
4.718262
16.259766
11.503906
5.791504
4.107422
15.510254
1.256836
0.912109
1.963379
0.464844
7.285156
0.812500
6.966309
8.530273
1.040527
4.723145
11.336426
1.975098
3.985840
2.530273
0.371094
1.161133
5.468262
9.207520
1.864258
9.692383
1.135742
2.904297
0.579590
3.324219
3.683105
2.549805
8.327148
2.941406
4.212402
0.696777
3.925293
1.978516
2.332031
1.512695
2.229980
6.981445
1.184082
0.805664
3.316406
6.240234
2.804199
3.206543
40.447266
3.588379
0.404785
10.675781
2.461426
5.425293
6.845703
19.557617
0.507812
2.597656
1.845703
1.285645
10.062988
4.870605
12.333496
6.193359
1.692383
20.689453
1.235352
1.540039
1.555664
11.721191
2.384277
0.327148
8.504883
4.979004
7.655762
7.022461
6.490234
0.861328
5.537109
2.363281
2.216309
7.059082
1.112793
4.471680
17.511719
6.483398
5.676758
0.946777
17.449219
6.104492
0.698730
3.710449
8.474121
0.222656
12.202637
0.533203
43.288086
5.921387
3.967773
0.796875
3.285645
0.967285
8.154297
3.354004
1.184570
8.249512
20.021973
0.318359
0.335449
2.538574
1.649414
3.873535
10.093750
13.534180
4.348145
4.767578
0.685547
1.654297
1.382324
2.676758
3.082031
4.523438
2.866699
9.882812
10.456055
14.357422
12.706543
0.365234
0.077637
2.381348
3.283691
8.651855
0.787109
1.240723
10.620117
1.499512
6.411133
2.121094
25.127441
3.694336
5.915039
0.904297
8.872070
1.794434
11.249023
5.172363
3.515625
0.803223
3.860840
3.581055
1.072754
1.160645
2.602539
10.754883
0.575195
4.985352
6.680664
3.845703
4.181641
1.083984
17.293945
12.695312
8.228516
3.329102
2.640625
2.300781
4.358398
17.726562
5.679688
1.192383
16.435547
7.679688
0.661133
12.626953
4.861328
2.754883
4.689453
0.538086
7.634766
7.827148
13.496094
20.415039
5.816406
1.297852
3.450195
7.217773
2.369141
1.123047
2.638672
9.278320
2.118164
0.769531
1.588867
3.163086
4.686523
1.418945
2.804688
1.660156
6.813477
2.964844
18.885742
4.468750
0.270508
0.776367
15.948242
5.007812
2.082031
2.080078
11.784180
5.792969
5.165039
3.094727
1.497070
3.358398
6.451172
14.934570
4.318359
2.383789
0.445312
4.669922
29.362305
