4.250509
8.351535
2.991251
1.583727
3.799608
8.522661
7.027420
6.486397
1.896381
3.108627
16.877544
14.235130
32.684570
28.949936
16.146561
3.066544
9.101837
6.128723
7.507675
3.670807
0.059189
1.426590
0.943649
1.247803
6.003860
1.396851
3.668015
1.243408
10.241669
0.324829
0.949661
5.018295
7.538055
18.084305
15.451019
7.755005
21.388336
15.036133
4.459106
13.113770
9.983887
0.504303
17.667114
3.236267
3.577667
1.470490
20.795654
17.627777
3.119568
13.375458
0.016083
7.316284
13.811707
13.928955
0.308868
0.358704
3.962280
0.565399
4.401459
4.178406
0.372223
8.733704
1.393127
6.321014
2.951050
0.796295
10.116394
18.946899
11.765137
0.267761
11.057373
4.717529
2.580505
5.537292
5.443787
28.083923
19.737427
3.189819
1.213013
19.433838
4.255371
24.848999
0.609009
5.344116
1.513123
3.199768
1.716858
11.387817
7.942932
3.320312
1.749146
20.127991
40.212158
10.066162
24.712219
23.657288
0.520752
7.489014
1.323242
16.291504
4.778442
1.927551
3.262329
9.904785
6.571411
21.260742
2.199341
19.986816
9.517090
0.675232
0.037659
0.326050
4.188965
1.196350
2.029907
0.862183
0.067261
1.542297
3.889526
7.976257
8.302734
24.248901
4.926941
18.371460
5.906189
6.439087
13.392578
6.576538
3.612549
9.567871
9.332764
3.670898
2.534668
5.209106
12.314087
15.685669
15.980713
3.669067
10.912964
3.898560
5.474731
2.738525
12.072632
27.596680
6.694824
2.029175
1.633057
3.844971
0.630615
6.299927
1.378418
0.328613
16.157837
0.279419
4.930420
6.850220
11.246826
3.651978
42.527222
9.714478
3.997803
1.374146
2.622925
18.445312
7.776855
3.212891
6.185059
5.629517
8.529541
4.500366
3.521484
18.738892
3.214844
1.621460
0.948853
4.334961
2.914795
4.463989
5.497437
2.863281
8.178101
2.365112
16.671631
7.075439
2.571167
15.063110
3.585083
2.598145
7.866577
18.702148
5.300415
4.760376
14.368164
0.982422
11.567505
1.062134
3.444824
5.507568
28.471436
4.312256
8.948730
4.014160
2.325928
2.408936
15.962402
1.968384
1.201172
39.219238
7.317383
4.206787
28.921387
0.282959
6.673340
3.742920
32.432739
1.158325
2.197266
0.950073
6.459961
1.716431
11.174561
11.077637
3.720215
20.568237
10.949341
15.545532
4.247437
2.832153
9.733032
5.741943
1.200806
6.838135
12.301880
14.552490
13.538086
2.062012
0.998169
4.998901
11.914917
5.156982
10.839478
5.264282
1.187134
3.268555
0.672119
37.224731
1.462402
0.590088
0.774170
11.593628
9.808716
9.618652
4.204712
1.523071
1.507446
31.530518
33.196411
3.062012
0.199707
2.732666
0.416504
7.483643
9.892090
32.442627
9.467041
2.252686
6.139404
13.912109
1.579590
1.127930
8.679199
2.362305
9.229004
2.848877
13.901855
10.013672
30.928223
2.075928
3.702393
2.323242
16.687012
2.468018
19.779541
19.588623
5.550537
10.380859
5.097168
0.960693
12.032227
12.704102
1.383545
3.826904
5.776123
9.624023
2.174561
0.148193
0.904053
18.372559
1.762695
24.030518
1.557861
2.574463
5.290039
9.208252
10.930908
8.381592
37.522949
23.192627
1.534668
0.262695
0.666260
6.352051
8.377686
6.373779
1.213867
2.821045
13.734131
19.597412
7.555908
12.423828
1.642090
5.434326
3.824463
2.602051
7.789795
23.818848
3.354736
11.577393
3.697266
33.070557
1.944092
10.581299
0.162598
26.482910
28.435791
9.681641
3.391602
1.374023
0.101562
3.710449
14.733398
1.004883
4.030518
9.598145
17.982910
8.504395
7.930176
14.311523
0.399658
8.217285
12.346191
3.515137
12.207275
6.267822
8.180176
0.483398
6.969482
6.621826
1.152588
26.314697
1.705078
19.534424
25.400391
10.478760
2.652344
16.629150
15.606201
16.726074
10.953369
0.968018
3.096436
0.949219
0.928955
17.148682
32.372803
2.163086
2.702881
16.133301
9.714355
9.895996
0.201172
13.728516
7.152344
13.501709
7.312012
2.753906
8.421875
4.392822
13.211914
1.080322
2.915527
2.881836
0.459229
1.410645
0.896729
4.655029
6.471191
3.517090
17.500977
4.832520
6.083740
0.542480
6.188721
4.263428
0.397217
4.274414
21.254395
8.948486
7.694824
3.189453
8.247803
0.494141
10.609619
3.855469
3.364746
1.233398
5.287109
3.964355
1.729248
0.098877
50.470703
1.098877
1.197754
2.489258
13.443359
18.337891
5.727051
0.111816
4.951172
18.541992
11.244873
7.219727
8.647461
7.730957
4.018555
35.693604
6.365967
0.397461
0.361084
11.608154
9.948975
2.422119
2.642090
0.333252
23.665283
1.189209
13.080322
9.098877
11.428223
0.956787
12.270752
5.453369
4.294189
51.553467
1.382324
13.660889
4.830078
2.508301
26.112305
4.554688
7.890625
8.276855
5.368896
3.601807
1.612549
3.438232
4.113770
15.619385
8.534912
7.875000
1.231689
2.816406
1.066650
20.389160
4.426514
34.307617
1.502197
0.846436
18.461670
1.130615
13.843750
22.673096
4.786377
5.593506
2.937744
3.393799
11.147949
1.353027
6.802734
4.094727
9.120361
0.362793
12.171387
0.836182
0.512695
6.820801
9.159668
2.777832
14.214111
8.907227
22.835938
23.571289
13.050781
2.620605
19.377441
13.020020
37.496582
13.014648
6.342773
3.255859
0.239746
17.513184
9.126465
18.733398
5.676270
13.611328
16.166504
39.468750
73.144531
2.197266
8.593750
7.209473
20.631836
2.331543
11.020020
18.327637
0.847168
0.350586
1.188965
1.460449
1.341797
0.812500
5.310059
2.243652
32.740234
0.464844
0.738281
3.477051
2.329102
4.862305
5.854492
9.132324
7.333496
11.828613
2.335938
6.720703
2.038574
4.647461
5.604492
19.068848
12.171875
13.798828
1.608398
5.871094
2.826172
3.281738
7.190918
8.297363
2.370605
4.585938
10.770996
6.753906
12.229004
9.099121
0.990723
7.676758
3.032227
5.316895
11.178711
5.448730
10.025391
6.726074
13.171875
1.262207
9.467773
4.945312
6.724121
13.609375
12.263184
3.633301
13.098633
9.229004
4.733887
0.611328
0.472656
12.349121
16.681641
6.354980
9.073242
7.277832
14.718262
3.264160
0.817383
2.170410
5.951660
7.103516
5.316406
0.468750
16.143066
8.278809
17.361816
1.560547
21.868652
9.030273
23.725098
23.312012
11.287598
7.039062
14.892090
3.279297
3.986816
1.460449
13.187988
2.604004
2.982422
5.448242
3.579102
1.996582
17.733887
5.490723
14.365723
22.488281
12.041504
18.277832
0.396484
11.888184
12.548828
5.639648
8.928223
7.210449
6.702148
9.275879
11.385742
18.780762
13.854492
7.378418
2.149414
5.585449
9.925781
13.589355
4.224609
3.589844
3.697266
5.141113
9.100098
6.667969
9.952637
16.637695
0.657227
4.064453
1.558594
13.897949
0.597656
0.389648
0.154785
4.547852
0.562012
20.063965
10.495605
5.941406
16.379883
4.729004
6.091797
9.354980
0.759277
5.740723
60.585449
0.486328
24.635742
6.888184
10.435059
6.471191
0.082520
54.314453
10.541504
11.077637
29.479004
7.709961
7.282715
7.962891
3.117676
12.242188
2.190430
3.729004
2.702637
4.112305
31.471680
7.607910
24.605957
19.895996
14.872559
26.794922
0.767090
6.351074
0.996094
6.738770
5.186035
0.260742
1.120605
0.988770
0.457031
16.710449
1.478516
7.516113
3.349121
13.731934
4.463867
6.482910
1.100098
4.414062
3.292969
0.877441
3.154297
8.688965
12.439453
5.447266
10.421387
5.538086
0.804688
49.065918
28.719238
15.626465
2.091797
0.498047
5.203125
0.074219
2.656250
24.038086
30.242676
9.390625
6.260742
4.967773
17.373047
5.268555
0.863281
4.056641
21.254395
8.049805
4.173828
3.090820
3.013184
3.844727
9.951172
15.762695
33.085449
4.974121
21.522461
0.153320
14.485840
9.921875
5.507324
4.594238
9.261230
2.434570
12.991211
3.069336
6.289551
21.943848
4.490723
2.183105
1.521973
0.937988
0.786133
0.362793
9.167969
8.368164
22.851562
11.029785
11.420410
3.754395
7.796875
0.375488
8.138672
7.565918
12.346680
7.334473
5.020020
8.279785
7.964844
5.091309
7.782227
10.039062
1.715332
8.128906
5.765137
2.452637
14.748535
1.712891
62.723633
1.924316
13.043457
2.741211
5.261230
0.857422
1.460449
30.078125
7.763672
5.302734
16.860840
0.698730
5.973145
26.963867
10.489746
19.830566
8.131836
3.853516
1.692383
0.160156
0.813477
16.840820
0.405273
10.165039
26.473633
3.416016
12.436523
2.634766
2.447754
2.687012
5.417480
16.703613
1.327148
9.268066
0.498047
11.252930
6.289062
37.093262
17.817871
5.035645
21.675293
5.036621
2.961426
0.567871
2.921387
14.984375
5.761230
12.275391
9.485840
0.712891
0.009766
3.646484
2.590332
1.804199
13.200195
14.124512
14.063965
1.353027
8.692871
29.039551
2.183594
16.451660
17.613281
1.389648
1.993652
6.988770
10.745605
12.152344
2.523926
9.563477
6.910645
0.074219
2.082031
9.908203
10.035156
36.028809
1.957520
6.544434
31.720703
14.887207
12.279297
8.519531
3.332031
5.191406
3.532715
0.312500
17.127441
8.917969
29.506836
8.311523
5.569336
2.542969
1.118652
19.718262
14.788086
1.261230
8.069824
2.322754
14.580566
0.446777
13.232422
19.841309
15.916992
28.263672
2.953613
1.842285
6.103027
44.589844
4.337402
0.106934
16.895508
8.234375
2.162109
0.046387
4.023438
13.871582
1.636719
20.152344
22.072266
1.988281
6.422363
7.821289
5.775391
4.704590
6.468262
0.853516
1.367188
2.104492
5.601562
8.998535
35.269043
15.578125
1.655762
13.961914
6.743164
7.648926
0.155273
7.259766
4.934082
1.126953
11.765137
5.418945
5.026367
1.628906
17.487305
11.002441
12.134277
11.842285
23.820801
1.474609
9.836914
8.010742
11.870605
10.100098
5.232422
4.672852
3.706055
1.595703
23.611328
10.503906
4.338867
0.019531
14.666016
10.779297
27.467773
1.235352
4.917969
5.539062
5.753906
9.422852
20.561523
16.905273
2.611328
12.565430
8.164062
1.822266
4.841797
10.130859
3.325195
12.748047
5.837891
12.444336
12.698242
4.587891
19.943359
27.152344
8.672852
3.062500
35.710938
3.047852
0.536133
4.161133
1.875000
6.272461
5.344727
0.379883
27.319336
22.384766
2.922852
17.097656
5.142578
9.247070
1.530273
27.686523
3.893555
4.905273
1.199219
20.962891
15.086914
1.396484
0.541016
8.826172
